796962
910617
732733
669717
832790
769441
127457
785977
596958
980974
769724
373078
370632
288177
424102
496263
950906
967901
235872
472994
928508
189069
715224
953099
748707
651573
835538
462447
356333
564530
971345
890551
108466
955496
304616
582486
556819
675820
781186
194183
979339
625519
864778
833381
160921
745215
607060
635190
329067
395061
986447
712232
563830
208342
916245
570855
574922
694801
544623
795352
686230
647559
489728
442649
144801
315951
305375
750846
497132
383560
517737
469728
778967
754883
316720
120744
274122
357456
556999
279136
507477
132888
893853
693114
237106
175231
199531
415074
296215
569397
401292
502599
761411
461833
500764
104482
464707
897148
951826
330635
137100
748765
361127
850334
929417
115642
165268
466908
454738
836224
986656
674478
168191
430284
175710
226434
358940
991941
436099
657653
889734
878524
490841
658427
178344
400325
305293
272373
680201
534660
806741
439638
248726
387508
345062
480651
141977
735958
551091
900766
721191
600738
669038
386665
354074
447758
640402
553327
688475
899990
420893
333416
824632
316929
555132
316797
423489
487842
755088
704513
362601
987965
849651
691824
855031
370512
491137
435007
400330
859448
470817
394628
136502
988432
121712
360581
608611
769565
210013
383132
613597
953434
250112
967409
758540
145120
847285
728493
640988
433051
858631
506236
182082
389144
684353
327760
809490
854340
876334
630257
881908
109828
129176
943318
734064
878461
526667
340864
806998
967310
197775
509170
718368
650600
598626
489312
275956
670712
600660
447103
202544
311046
503551
268957
811868
158490
201824
975998
342686
690215
638834
317902
354818
409464
604085
430133
121146
104479
558341
512471
556909
559043
483703
993118
203082
615199
146327
930765
371079
552624
199690
597946
776574
636685
934200
423739
279515
147976
726208
140669
154583
527951
134983
893812
854088
742766
332431
653600
452277
284196
940274
900670
893233
947969
602228
876917
588333
702899
453473
195021
920449
888302
472817
276543
105252
620756
748954
107797
685180
466121
976389
879150
574123
796519
143693
129526
399180
236060
938359
824014
265673
289227
668126
202388
434203
140108
469210
901235
274459
909923
325640
291827
421473
606857
396096
508284
771541
220927
817642
979350
645712
982338
638024
899878
486473
217109
923912
361442
842644
394673
196815
313744
898068
331415
341175
409243
997478
247502
366358
266011
188055
649197
286907
806399
161680
697456
641023
922697
206740
491233
271455
877502
595156
681844
741960
356494
558870
281545
918503
827030
319330
877406
914980
244067
151009
449687
455386
190559
377260
807779
662943
693196
284355
576590
734721
276003
371681
850004
130404
157801
275577
760607
623315
879802
242521
516471
413730
218569
809422
330509
828175
475594
779505
171962
293593
465551
566195
677825
807311
291526
428160
264428
403507
868202
499941
140795
955822
586114
915409
795028
975219
978686
154447
626719
863133
678671
819349
682586
374066
837141
631632
725685
629652
949393
208294
698146
829231
780883
147682
820076
330962
956477
305764
579953
596059
308346
508260
856368
347792
902449
664505
640865
260989
201758
625958
693969
448746
561771
945593
626364
773582
724689
524633
456204
671012
244418
187934
700170
703608
563075
683616
807633
354119
338094
961742
588631
111160
920772
704963
785479
244023
210537
877156
264380
766804
324449
418922
151831
434478
540708
726248
419744
679379
419920
374588
977948
225237
753374
469799
504443
933781
974637
554993
237393
562709
846765
544394
199334
792650
585013
173827
745283
416966
789414
924611
864830
979013
141024
442000
990799
361700
949015
688139
807649
529973
676387
143209
792965
776741
143588
284058
789278
674963
833974
185534
199702
894744
159012
398376
671534
227997
824016
904036
415824
860246
350445
589249
775799
226286
274765
389451
861314
130667
103855
126119
852161
457139
767322
862313
504302
901063
236865
121714
912671
177539
184454
870086
482924
905755
552407
656103
317817
575105
302824
781297
848707
502905
882744
138055
976532
418159
109598
374129
369137
829724
263844
999313
912148
353727
767356
827233
327627
712126
224374
761338
478757
196481
177605
244697
447399
927514
202825
413521
824806
986429
786080
487636
707442
765284
419816
432643
180528
486606
288146
262587
615982
460241
867301
453753
178376
686638
911291
101490
791705
630112
374419
669409
974264
220680
338739
596578
739689
614501
264843
629234
702312
474312
995169
714765
537446
647315
784740
107898
981881
812336
310240
988481
993186
292762
565913
699342
131749
610775
414248
432524
235513
278797
403478
959160
196234
518122
453205
879314
599829
958428
352352
294819
300465
827774
123490
468826
769294
625620
188738
295867
974958
932459
782883
170056
251761
398666
728162
326901
873150
814067
872054
139769
403817
710664
991662
934144
594240
796102
800571
877190
186306
523112
803551
991441
469904
522226
952358
661976
463381
523002
877111
402345
596312
394561
427728
859343
542776
979079
126649
245393
240096
261561
170621
674478
732434
805669
517625
880017
558302
350136
345605
786172
993386
608017
667146
775917
683145
632720
963905
499923
400009
498648
475945
169446
775608
271171
743907
468936
393951
238295
693158
387371
338924
996724
536459
104101
279508
524302
692741
846951
509396
620952
391067
800423
160940
553273
190732
199367
872766
430321
565501
737683
915416
998109
255359
757885
852108
616439
766985
594876
681377
354889
522856
422241
650629
121444
496603
112407
411448
700716
780815
932013
639014
380876
131827
845896
694820
584076
873644
990529
416551
629977
692689
261170
674950
899478
470462
206745
199953
519714
110664
951218
153984
521468
754109
620826
382219
407912
759292
460322
348779
434472
755398
739147
222248
122478
986119
105983
122363
144565
574231
810561
839354
478622
860737
132496
521912
528810
649973
386596
164078
257098
574966
283233
698504
422581
985437
809280
765320
702028
136186
647341
923852
871172
659235
331194
460098
450471
894468
937604
871967
874933
238588
171477
139173
313213
831066
671112
342197
489150
286253
594237
875110
401564
607450
470077
629577
151588
153378
439819
890025
910838
665685
127179
892724
801559
262583
173720
366637
555166
704660
127505
402845
161263
169494
585565
509183
219137
108268
103282
668604
389407
540309
241540
859018
368264
584288
339912
940145
679222
679651
509360
853801
581303
805952
951280
501454
244225
495042
167379
588842
558451
104735
133595
612907
680910
773607
789850
619338
580452
478823
570885
599339
912864
594992
740168
623194
248655
517457
818100
420768
163911
206700
538921
816856
351602
552569
856561
298595
645610
104332
153603
182199
144407
691290
632955
791141
716037
656291
599940
867146
393932
745972
921720
849619
407563
362305
482951
897630
521310
661491
803409
909546
140673
251837
873307
512638
530924
932831
356465
621249
599402
598707
832137
673422
868624
842781
476719
743313
236280
661273
713562
109305
539232
163404
733293
147580
945096
286203
774167
214733
414026
323355
127267
296364
556557
970814
306310
839737
164345
790920
155424
968273
621674
501190
503701
758816
123511
493730
737068
568715
328954
597982
254693
189209
632757
901169
489635
980220
340921
257080
964379
598137
169764
435693
451573
533370
528264
746323
375926
303333
368741
722774
900500
915186
209639
538449
911227
775637
334540
404901
317920
684927
570786
603826
479440
582700
561663
513365
237903
752336
306555
474951
811583
971823
793540
683622
253581
658038
381423
883488
796780
959372
582627
259931
666947
541074
577872
682521
388898
706076
259801
893433
152875
618399
424394
513605
563842
667069
565789
393543
287374
837207
208479
687288
293674
161863
599660
469018
806498
711069
855226
302349
488020
958650
544184
581460
743147
902154
138980
278094
394408
662324
910122
879734
254330
408724
131660
462793
769156
429142
413135
542783
918727
856091
425671
183407
907520
286514
317594
546248
560569
623233
189528
423004
889586
299601
936480
281372
161146
422122
307267
443663
865068
447095
649935
406002
350678
553844
958268
710170
196305
937901
358363
675568
119973
998956
960858
343330
731814
702214
147610
166005
495668
230628
103659
848108
827785
753376
534255
729797
542043
334454
835079
315006
226024
841341
447430
504332
117858
145611
632583
958086
383822
144421
772548
237862
313489
172970
314331
934245
288125
507102
853322
353997
831897
608109
161109
641172
619806
381239
669079
320612
240587
691598
663217
495194
743172
910790
715483
679888
569028
357551
805618
426234
543622
230187
959576
678007
256011
233972
290333
931753
566641
387519
983919
619863
867089
241256
576585
341931
515842
246283
878062
583350
348374
293033
323928
227910
944281
601873
791611
657382
901525
177275
607949
573504
559697
940692
689949
359416
733165
847624
623116
743245
570264
529879
944082
166629
989360
182893
728206
799235
173591
106327
881159
709151
546167
646536
946994
803705
372012
943859
458389
954152
347103
499392
283812
561373
518871
569935
775119
298055
867568
447558
754181
416771
229981
721923
395615
573466
961677
146152
635542
122922
837210
791829
240254
221509
502320
198857
999045
235127
938273
735473
999220
665866
256092
988375
484116
567919
462069
888839
688029
276441
931483
448435
408058
814016
944675
818176
785394
832930
408766
971794
101303
145097
807219
357073
495070
706413
761940
320771
288101
962417
782916
327154
467271
598444
318348
831425
625614
449155
331455
794509
364934
355816
143784
176820
259167
349373
591658
923934
790452
168001
651436
796929
801745
546994
393719
203884
194841
941213
678206
341937
635248
120800
647725
959737
596612
659144
219880
792020
788372
254297
850699
234144
555081
723878
800295
878028
461231
923374
823673
227690
408188
555657
561385
660499
481179
379048
909030
540387
189695
168817
482181
526992
264784
674535
341728
617518
568063
759663
611596
303175
584462
615975
713166
426136
550774
357305
822974
898954
199795
682818
241892
890130
559301
148947
412438
934850
140730
242688
734040
880720
106884
912874
689059
548379
105401
562796
682034
788829
185542
631909
328930
319686
405463
143925
566720
162530
998439
375408
706693
430592
671124
476008
436960
484480
477013
862103
306346
798911
993282
527776
904554
723682
241842
128576
336226
745312
418331
429467
493382
636831
855744
558151
229387
335488
652345
411782
521310
815629
182403
520978
283114
890857
390433
322670
493819
612074
881896
975016
475508
385382
868532
762963
533256
236675
455708
337531
960636
975722
456591
439030
598900
379685
311862
173784
550088
115027
494386
923368
126183
839981
859588
921896
550908
319344
688091
105029
413964
420857
806074
149885
113867
255476
941384
423286
611075
172592
250578
445268
393860
197881
321692
303150
639551
696263
629098
804515
839553
543449
580928
612805
518133
788341
866896
853785
956953
865367
755723
794444
877067
650179
731399
620698
494717
589517
770111
744639
791919
362546
828066
281083
462997
257994
568008
657190
237925
953340
914709
900083
691059
156802
424608
931243
666512
307599
941018
217976
483550
467411
888181
834095
150002
494319
897070
992419
801559
427598
226157
944736
647129
500816
593209
860939
546683
137248
995236
243958
739316
818912
734275
103306
611357
563863
901207
698783
622293
959084
288696
669820
701929
316487
553742
388234
902318
670667
496093
153278
772085
904995
496839
305899
987840
788670
158101
951908
988206
616936
978952
175544
215692
371743
588697
462943
734086
591781
879351
349100
643581
924967
590460
363530
144466
279690
815693
878879
573867
852819
784249
233762
431761
118442
872805
216385
535098
510960
318947
198537
979305
725627
865218
402946
362499
886823
520506
929481
376116
642725
997610
201411
895858
429924
504446
985631
467607
215003
846547
599415
763327
389768
556201
383647
463961
823010
465383
423654
646208
677125
300633
415460
206283
378016
399952
252787
229914
178017
669093
641993
343344
300977
905584
295517
116816
304440
749255
502774
666356
482086
884934
575822
478408
581282
190679
752274
932468
367040
116625
538538
392106
779351
714905
840876
918759
346638
977772
947664
631664
974639
959255
633626
101519
366450
286630
552684
354022
351416
134766
284005
294805
669080
144721
417955
382397
863611
569658
175677
133597
554255
602699
688158
821098
265085
292430
143636
428795
658804
226471
174856
938827
518745
543103
258064
322049
589597
815772
648490
191179
720261
768647
761333
447230
878888
432578
182564
229744
222167
617935
138464
445184
685971
188648
959886
316471
741271
475022
825268
261716
875827
573311
584360
848470
994472
449055
733662
352599
531825
208188
200575
633970
636328
177123
995645
318560
472295
572497
194455
784719
323836
504615
583199
624176
437370
216388
232814
597635
239736
297677
769051
579590
263284
238360
791746
589892
635541
425492
623808
531643
970148
451393
968344
966772
170076
594725
323716
388751
235627
966119
185791
494878
897331
231276
849224
601930
760930
962588
615931
574978
735700
681906
322475
466076
460504
940126
497632
151240
456190
221280
920420
808552
906716
680909
357979
173334
951808
600592
226125
758975
233099
993826
123609
211032
410894
109658
316439
277151
994551
409609
323888
628921
551286
477736
813201
772419
200023
335577
962316
713788
205381
640716
707940
272227
852041
857619
128910
503284
762070
851632
366340
736769
919313
435977
234671
813658
221468
504908
985619
260815
534039
367695
938847
581042
871769
620175
530709
751504
118632
564610
139041
231694
634089
934637
727725
887678
730685
356102
455148
606514
689645
117786
780501
639811
610157
987385
910341
475300
366738
650773
855243
426337
771809
369607
550760
700805
241254
990091
521789
809138
173103
235078
918293
539691
610365
227310
605244
675156
416264
419708
515015
199466
741111
460125
799535
117692
804884
956687
607060
564989
628643
700808
852024
989382
971542
210998
519536
113386
304701
931765
384328
972933
135397
802905
463189
603755
241605
164538
758398
751925
828631
875666
885404
541510
914886
810507
404283
955246
891505
606005
607453
241454
741075
534624
822961
763094
886774
787227
714735
955507
654653
361098
158041
480315
149093
177519
343455
771690
879072
790109
469654
737627
102931
657325
475395
863772
910036
289850
442880
484269
658302
727373
668431
665706
670484
577201
333624
806098
467270
248933
992133
693975
693510
880114
593963
654838
194778
771456
623732
938676
446724
712213
772557
269143
933672
825437
974370
451027
111343
462145
238283
142269
241806
923303
198809
828278
995149
748141
559523
441942
127576
318514
719544
410367
520138
635642
579746
864873
589391
232422
333657
534770
150815
735199
460340
998916
281135
643774
492095
885102
587940
323674
701079
774629
574396
148179
660719
736507
419265
702492
571654
323403
777467
443240
400726
701694
186054
587262
806489
942759
965173
981420
913419
989999
875558
748742
197865
780484
925320
514319
394184
691407
315340
204212
216116
137938
755693
571497
257727
746007
343519
121958
718309
654014
616642
602299
917488
419749
472334
949646
280079
201958
858106
306563
249891
421371
358458
753538
279251
317954
443562
174354
678260
396635
747455
145177
549919
384286
739360
257424
208996
437418
872157
355926
328051
901986
991440
488455
528718
895611
136771
410915
317546
405963
103039
190679
719614
856549
916717
961684
375976
739680
601594
324801
292100
652103
875342
893407
591772
870268
930634
884733
654928
438775
494399
693204
810080
661385
794567
674283
172018
728817
845355
537149
740716
408612
731977
637694
599770
130442
870381
850709
102218
857718
717372
951523
465061
730443
979680
513306
740237
902040
952761
564047
608213
282217
505997
686859
989403
456296
520336
238761
189397
517432
213023
386322
268091
882386
404272
768566
535970
896624
147471
683806
570284
639796
205054
440379
497820
317329
273688
194167
976264
314175
997947
448920
420220
117207
870251
142299
465674
954736
667133
209165
929327
183356
184506
531243
407955
366476
497395
817694
266306
932902
778716
934928
529351
466120
574614
489192
196098
297770
923466
610486
521308
360595
775190
700424
291440
258466
988228
726962
140832
847871
658564
806873
132364
382080
848319
133040
523146
622931
363688
872089
792290
189164
752261
462795
167758
742924
708481
848112
513326
327908
262404
441145
654362
667665
316458
549668
713384
403102
491348
853272
780945
818268
294411
154420
919223
849730
431201
626307
343979
158260
305173
405409
836502
740973
222903
754985
302877
187928
546963
739086
609150
950367
880131
629842
756453
567188
235555
609153
563775
836204
801454
199828
897633
482398
930700
364255
735497
605416
873161
391848
183271
914709
332066
632747
272944
662145
794356
962160
497948
504135
322466
114687
419843
528375
169562
785862
965927
936518
890620
187435
638992
958132
114307
921042
588612
822388
615011
584966
627105
781632
234801
205757
741643
599897
471014
636696
790371
639415
771918
619978
519675
196815
943430
456581
839909
614547
834334
454164
303071
262443
658256
326083
123463
491238
562065
963598
407429
242432
340776
266681
251136
154148
404387
254324
378379
973805
528697
261560
745575
797975
617835
939491
496428
584416
634296
840931
395013
614867
933045
945735
803273
254772
883027
950497
630379
374133
542014
370950
436384
104476
707764
904839
256244
447008
416297
470157
871964
181115
477090
899565
708397
699195
709664
602785
262533
554440
577627
659002
252392
586102
450645
232535
628423
290913
826724
388473
729414
306130
320373
877939
100984
191505
640976
820003
712129
814657
905655
843104
267883
750247
533392
333586
813351
772179
617812
634350
237736
558122
970688
872069
221737
840169
356714
952247
969419
747178
615238
394200
623267
906844
665494
502085
942946
217701
906209
552955
841876
859731
116204
891303
388150
125687
943407
879522
409352
276194
753028
525810
850515
496107
841244
353492
116610
656092
540524
818888
977803
331104
730805
415021
238264
453185
983982
413154
661292
885374
370169
439447
102655
989574
578494
210807
844645
841803
580129
162410
627617
268736
295763
777905
404853
292888
631047
429403
587325
322369
215923
710336
412054
518124
301590
929897
373731
158912
966210
292490
955111
487626
250982
169956
759795
466804
577214
281343
891922
386986
940266
942906
143541
641656
795528
235013
973024
993798
123310
890455
240057
950173
197271
195002
406092
578857
153454
698219
808592
407315
875109
639184
585750
623518
467884
565973
320173
645661
746887
831576
929847
354641
294713
166684
728648
894446
984443
738495
176068
742669
740788
994516
703868
247836
520817
992138
917616
339843
617852
911200
338699
655339
738319
535936
402651
106898
457723
579437
500919
246512
833415
447707
448985
170872
694905
239579
379950
533132
212916
955822
632361
721195
591996
599139
747543
841151
453130
156594
576060
587100
501526
909628
952797
554570
873492
412288
759162
671686
520954
156736
394862
718131
287434
600617
841963
712843
389654
343705
953810
527075
587929
677071
636168
325451
511512
416144
628156
406866
286672
740119
889238
476881
351095
671591
433973
340514
325396
530053
486838
899033
847051
671027
174170
300612
859769
992207
679786
423100
641140
654344
705849
901430
781097
709141
974942
188706
823140
973719
166937
965711
781480
626238
737065
598229
508030
173476
900714
111898
105053
183795
409745
116146
100753
308007
189574
502089
756415
896863
767543
984309
561511
204318
223832
414710
513260
858257
952894
518531
179776
417270
328465
476488
577992
490202
160531
592907
340534
704141
358033
141093
722018
487067
216722
665912
290992
695749
427152
221129
480879
254022
196346
654823
399270
747407
129324
403076
970411
197143
436978
374618
755326
875011
542990
882509
587420
571379
469332
962313
580213
490629
638552
361004
435302
503500
415489
425721
182371
541694
406259
135854
563331
493975
438718
158447
687134
575281
262562
155610
376311
825534
263037
729719
793836
539266
224123
431343
775459
461547
831388
886286
713781
624438
909338
781788
748045
560985
623567
320854
971741
617981
804881
811545
989623
692412
738907
963133
422982
700992
946095
218877
848854
353749
281991
410231
681027
590957
435999
685709
943035
771236
327168
426830
863560
278275
504542
779473
681734
979653
719066
634742
464414
384225
388963
487629
242173
699490
503744
303734
648674
884339
333879
975581
148137
647531
236865
292236
542935
118975
874873
288631
645177
714915
632013
836692
349178
857747
294215
988892
926602
167826
834622
508106
307683
926730
387564
536720
362223
355334
126372
899882
676668
262925
280656
228996
223819
381187
298919
889798
148098
459111
851456
500468
594732
360522
251674
953665
249087
181091
721238
714404
867851
875223
105013
419924
815792
535980
643579
927590
365631
460173
182848
352739
142360
764841
876609
974412
435823
953954
650878
927699
858099
693898
538450
102078
181932
717276
199693
548194
317304
393818
225030
978893
826037
581028
151880
799069
545336
913988
531941
989458
421171
145333
328732
515860
321483
479030
625358
558533
723914
268313
925601
315674
743068
811338
832788
849986
638337
860534
826093
349090
316052
610864
200887
799974
306081
395980
452428
928883
912754
709522
824071
275068
718778
732164
606288
196334
134413
172141
410525
969925
648549
176645
917913
785568
160280
340303
320945
594096
720897
242558
883768
176056
364109
580514
320609
587822
934857
997596
798842
165532
851279
675868
420436
500169
639208
981586
946613
602356
266175
388559
593203
849714
693942
890325
227795
517291
196750
124902
318592
232989
255698
812130
876559
965719
128256
808484
922171
763444
238650
270408
838238
490930
850262
395343
602607
528546
361792
832763
812242
551203
525122
184414
539341
531139
350766
452935
751737
545137
104107
827876
736381
173834
592255
800275
501640
936261
706937
101950
466333
576059
830103
187468
413565
837767
952187
842264
294192
265537
847227
130456
830279
512732
246354
554190
296702
770569
291329
299627
822891
174830
900876
395414
298599
695457
236203
367727
248028
128192
813538
186170
790899
473137
750756
983984
250124
723026
512446
374504
772505
642337
701524
816826
370895
605691
977767
206669
914803
520231
450684
140575
203594
440747
623824
546865
274596
964985
414710
496854
297631
797478
509884
201330
666637
156536
881941
195445
791380
540695
543413
111568
695830
235066
661230
913331
150110
427166
675593
378351
684515
955896
895078
821016
359568
868565
990607
248569
612063
106343
839267
443899
679225
373683
311088
304273
162818
456796
757023
889454
616216
214399
419255
203552
741363
196041
872411
145299
515254
652211
825162
170910
170831
285242
837687
236838
138551
451911
247353
338874
602658
431047
803663
726528
888033
734116
254662
314891
931636
924354
602458
460181
311809
247805
473533
534830
146366
376448
167653
607310
375427
926687
299747
621679
556918
889753
101818
687169
843891
194984
105373
609491
276528
785115
525266
203711
196865
110102
744496
767246
211570
473987
373479
580549
600407
522971
804626
839631
615939
884201
999393
625848
417533
300334
620416
291333
391760
869331
571494
787638
651267
687330
612525
601224
602784
918904
857229
317186
598810
429092
164802
366067
109244
145456
509965
180615
346334
213424
659665
668208
397755
870029
572941
517087
509872
805515
400568
412451
686986
485795
498576
703494
742323
877154
205285
881014
339815
149567
142567
173397
942317
231776
731814
348405
528181
691589
547392
993868
132516
490621
779026
463370
617946
735696
216094
384904
919306
121948
119707
481736
188574
111628
746328
136195
255125
673467
691905
366622
995194
451582
541038
142680
510926
611714
741832
659754
773706
993148
723814
513954
659383
823151
744667
916063
367063
271325
476090
311140
106607
403017
153485
440638
349699
605546
570215
214370
593546
347435
318104
682878
864169
224896
785117
584753
728526
761583
381337
719005
890463
357161
912816
344873
909844
736975
468513
666227
828401
348349
818249
663874
468347
369576
959011
114938
390554
169081
729718
921941
249569
167216
388923
545200
988940
532217
652807
757560
343774
859348
161306
746119
997956
707752
894019
263940
258773
761030
593714
674653
857425
147144
552744
880460
665378
515235
746416
992483
172356
384754
854908
124204
971753
884573
757868
796128
726573
825720
840423
655107
956106
663966
150400
211265
350961
716138
150073
880132
579337
452081
963318
632839
991694
976241
728885
981458
958478
116920
591566
670560
256918
761055
182966
728529
712678
952245
589863
437371
681106
132376
315200
607636
652508
441019
599229
943425
711749
121642
327182
293446
695192
151081
701049
557133
617409
339320
309424
224653
707906
930965
230704
739153
177383
648062
273021
783507
565783
876823
980294
910796
969492
845629
285105
348711
946931
969208
647064
356923
832361
550069
829021
607342
270932
928010
289274
407092
941318
512533
991469
976128
290170
602783
879026
155560
546023
324491
338983
418018
557808
553958
109311
250589
256393
567467
624296
294605
995002
414494
270633
183077
319389
452939
343110
586265
870907
502490
594406
705597
151957
225603
434115
175996
928791
897101
643986
816721
247526
114267
499864
858518
392194
921058
609776
992133
234284
101977
151684
220985
120902
418542
160434
218111
243302
442693
976161
604822
275591
176041
947847
800097
862102
983612
340373
189639
829192
738234
120211
986580
452994
471857
435105
809329
335597
778278
501453
483962
159469
586288
741452
185354
463711
171546
380863
434129
255383
347608
391491
645179
433343
458664
346275
465640
252834
501661
715356
393806
607735
569345
365917
388822
518180
808248
236532
338170
829008
779625
388978
563455
976310
339923
749266
500835
801585
167084
509406
687880
275222
636701
895159
903291
254278
168919
757908
991622
315196
150278
280720
842919
696822
107671
496091
680324
427417
564188
923764
953597
967197
856917
957161
974457
360275
272490
251132
412620
845343
113243
156114
971794
435641
233025
109889
166504
775685
406575
435999
525724
815517
813345
822795
883993
633257
127173
466914
937891
132275
277381
701689
341417
715661
975775
171573
293870
882865
157309
980369
203748
393850
981499
220051
667151
697154
658809
575036
500956
343211
764589
453363
327410
604588
353674
203984
489311
462249
942211
887921
485415
518151
336761
197069
901404
358595
944027
359348
343774
849533
216586
875531
571889
774985
137094
199268
646981
570026
124386
132520
991156
603550
382471
498442
629845
634257
266819
798349
777425
879383
310485
233675
858486
674623
591635
354658
463186
577530
583871
790366
859667
708214
265480
814846
232082
876127
518251
194842
565736
460717
576088
699110
481102
588861
250351
678022
674671
969954
655437
352825
141211
709788
386627
234973
682356
553458
392882
781831
892982
350253
865883
897818
963309
110170
532185
352695
163167
557078
569303
360021
510327
107259
329149
459991
154643
153204
903328
130965
261572
599727
803006
368654
400022
742925
555011
394631
415825
804715
642015
466866
636406
215506
818428
471984
688496
515300
368023
309831
544143
787875
162934
736734
527748
134928
607265
921028
233522
516876
790202
767935
794961
270665
153220
476458
965743
102032
496350
831644
588666
649540
472665
888825
163146
798276
174440
884065
908700
345527
899610
664810
559863
250680
704542
328425
320249
741918
822984
620490
440604
448529
969208
127506
490475
600644
703533
404497
284937
887779
704553
799555
537675
630715
293877
938874
466620
973653
183354
602798
903925
878860
188846
811439
717734
336756
713984
452451
723770
359442
695697
619790
945354
300063
507131
890344
866270
560815
158532
241854
702746
535136
179517
357179
635540
448063
817885
205722
925898
507588
620690
684477
289273
267032
934768
228703
259812
774927
180491
861015
508672
939350
604534
511924
439068
503448
151223
394165
899974
797469
414629
616088
635560
624625
804769
245429
532293
876323
547635
187283
211845
233400
834824
974843
944694
351122
751126
862673
219949
702370
642089
861197
360661
976193
133800
949696
201593
249070
935278
221953
140809
347804
279286
443212
427718
491266
909561
818943
854987
879479
938873
709056
312810
539922
168505
653252
169104
452077
390034
625103
324071
346598
822397
258931
776970
917976
133572
893359
832612
412978
502583
924010
168333
517738
228155
304890
246407
424236
550207
952337
842255
888545
181829
937532
737631
826090
415198
959142
276988
330786
480591
558736
299489
198140
682211
476096
510889
113833
385451
750562
207068
864404
120991
408810
244708
411570
854362
745657
317453
111808
765356
539268
237762
794439
734255
829555
490653
308133
919649
927328
510972
421176
556761
396862
492716
238923
758509
364053
731108
620165
747641
209984
573627
142253
956351
773300
104670
473311
291333
826503
460509
695128
998423
907227
457806
587908
631287
595866
443425
385586
669069
170625
532613
901158
797972
420178
312837
537049
297594
564736
628254
982123
216651
658531
784527
623404
839986
301997
283479
446761
775307
254180
642327
196283
373595
506863
527469
929815
158943
805835
389297
198579
714692
404200
435940
820395
987408
923942
650417
199070
380049
270840
376276
214136
989224
170663
304141
350685
533385
326452
757381
514817
428486
729197
976448
403188
727259
557227
524303
536611
176026
150029
486790
824413
258562
242903
926661
375908
908715
886592
614019
158347
236776
193844
917235
461996
410337
112758
129336
116152
245833
738665
647677
665906
220328
855192
906969
969690
158557
880418
971276
362238
927585
514159
110376
217360
920903
367174
708835
754371
507736
256477
254633
850010
697541
601908
263388
236255
498424
905704
971465
196037
726934
596128
950864
343276
910354
611427
284461
941517
795132
106115
861086
567423
772711
659187
591611
349425
343367
368549
326496
190478
195479
122121
947563
430073
751410
347661
233567
979346
947122
111431
127121
989957
705950
744882
767167
126127
631795
323187
709505
362375
898305
193363
445883
694588
327509
658714
563548
763597
922987
246462
356934
834806
638246
975916
267798
200562
585556
342899
320448
596612
555357
172393
293658
535096
617569
151617
972302
448868
593346
916573
596556
628270
589596
588466
724328
801127
833498
761403
888803
370140
709053
844784
637034
768707
113636
928638
684913
137533
652525
687842
552844
646731
789877
474927
540248
890873
941350
435207
349440
639031
770050
213966
431352
636909
652408
651947
168693
897967
105490
264716
523200
365209
503591
364033
824042
297701
619426
699546
466905
240496
467107
475691
927232
404048
689039
231842
453610
954294
435365
607501
461931
758201
819808
146539
159777
505726
712130
585014
534027
841019
352818
471100
452565
499764
517801
595799
646540
567070
587667
640579
988177
802537
931410
880432
242900
381249
328961
777517
429064
596962
714142
790817
207489
813165
332362
760090
130090
606034
435722
175170
361618
207948
758360
940532
372824
895977
361827
271792
315062
941458
971070
999001
433467
851115
768692
704960
890720
382112
467991
490277
606177
718922
592551
835487
816439
371132
964811
718334
260228
516678
750673
551016
262073
227003
857106
634792
552564
814957
625134
364744
186533
915988
332451
686515
839898
583169
551208
914248
534259
426581
323652
199472
110770
999298
683588
808509
955672
887179
890459
180530
516306
851028
300640
103680
964860
941153
724023
886302
820527
116972
574923
552334
756336
491826
635281
581107
761979
884697
580362
606496
228582
767765
857508
848699
110709
171620
649123
184604
628317
359600
564618
835188
993795
960028
566139
689613
411530
110555
991093
704628
651618
899351
663282
909004
738661
622421
730249
825660
833016
548978
996485
718552
832586
356157
852792
635852
542163
204128
233891
774393
168900
277547
482087
690624
257857
627685
949465
738904
925808
173061
231722
442499
349730
821392
566487
490713
130680
912485
973069
544629
922866
215009
315628
914094
216796
341373
263753
189457
925564
704062
936366
112703
763893
721863
968464
143353
703992
259621
982365
636653
578621
747965
447565
297301
867765
296055
701381
703209
119814
315970
411945
185710
228131
942840
786299
436365
467611
875766
549259
152836
762981
365815
493663
204949
255241
816067
869964
928195
389218
873491
338852
619100
969876
800554
539669
120041
475077
565605
955151
515546
791055
309243
619702
259354
878995
664515
662508
201644
937341
524695
256204
974291
858405
687494
425055
205428
194389
303282
226697
403815
220562
141753
792535
665261
947721
578157
162623
522077
476288
846832
285172
910632
383549
573731
619603
825757
672192
875463
295420
852874
170516
253628
580767
211044
648588
579021
518321
573330
816557
951958
571243
768262
629563
803478
807456
219222
489675
217352
558329
816802
762669
715859
931164
238449
957987
275931
516008
803440
434590
373957
612307
980584
535262
968954
893950
745082
260611
684853
409878
278346
759850
273661
109097
855264
211219
695741
211291
610669
181588
302645
250532
792733
989441
964243
799520
939618
202927
445562
779002
490572
359050
346905
989570
263558
256685
847323
303029
830469
632167
210274
729618
962770
825925
476505
568347
470906
538285
176368
641793
914711
662635
946370
668885
119210
150088
615258
584041
135275
238694
731222
206949
470683
752391
278399
356739
581107
170795
912082
760635
886141
562374
397273
925922
680277
294127
745122
684984
268782
168570
319405
447011
568673
425609
364568
848845
698490
298971
425284
112257
683139
731766
812160
115144
301936
261413
909914
634317
860150
374041
296571
513564
967443
642820
783694
999887
395189
651738
943159
141648
872184
127858
878262
406692
352020
321701
429247
903311
130507
103716
779506
419791
942951
779704
335566
986017
613599
523283
271910
550836
540943
550241
308257
131013
671044
555335
915855
851015
972134
789555
324722
719100
979488
239429
296835
788105
245945
838013
402984
445099
165904
876175
821261
970010
291240
100446
115134
406432
300019
687049
434024
157199
384671
681962
420396
421074
974307
217333
772431
470527
999652
422301
797462
595487
990244
204458
934121
947956
202411
266271
536552
967897
665645
453190
312971
956225
317578
266223
588933
893157
532123
944473
410539
255032
168117
184429
569293
676905
478593
670170
394816
944713
765021
100021
531891
597619
887496
139772
734352
671104
446784
918166
628026
255710
391906
624876
514643
619466
123651
367563
820029
365498
675441
345661
578164
675649
929344
733658
725372
680221
925622
663603
488361
993873
108809
475457
872837
151039
643046
230824
556081
889423
712385
921503
268210
944911
828252
207982
889060
155527
274898
607857
631265
973471
978608
951238
914240
152781
282676
225211
342626
104844
321708
810278
194567
167327
687569
439192
789639
555628
717072
403822
165488
177131
371171
169705
316278
867313
518237
793226
949882
826968
548656
646010
264259
216054
174230
784019
978791
675316
493792
788331
218396
337743
712517
846911
497292
767944
872718
373845
867361
889769
641988
977687
182147
231731
534217
388546
505626
946085
698395
690870
596701
722161
251858
550819
254028
434205
628460
128458
425893
983120
911527
145440
584187
528715
398212
141088
941058
228254
487276
682205
362388
495101
149441
946736
726171
366035
989578
258989
693276
181508
687119
487643
272885
604796
683147
207036
682579
665938
569354
612533
444721
179509
819924
250588
627222
994233
837352
845366
498255
442785
125620
866271
987831
348664
302663
514351
113516
881806
295115
597904
949264
130895
596585
712057
463543
774967
680815
703774
130089
930947
506389
816955
676264
904142
995917
546893
618015
870770
107818
440178
806118
537560
229079
531931
688389
332919
351885
233942
771250
239719
202166
672009
547935
732406
599926
124765
579073
560843
710318
731176
639032
728268
383912
386148
287804
757566
572993
232925
124075
338368
685732
287469
428716
214848
271260
995332
257343
773931
711078
382361
550224
577173
964007
919106
135620
183121
499576
937228
650751
767504
734949
898485
132596
995389
499324
193318
757402
816729
805735
211878
218294
968785
157402
250352
341416
844963
776058
550794
687775
961275
227594
953281
430134
288555
865768
813496
258370
492316
756499
393604
379654
670133
267590
882769
565589
572535
823244
465936
641909
789928
282744
146805
143714
495980
258397
567051
789315
306617
543995
973320
130166
521272
571574
817446
494043
869414
460015
705300
203652
226245
104805
373315
684623
211998
312099
650970
544297
572712
757279
991941
305830
734473
603869
590176
586485
701355
696348
722480
553912
203829
183345
148456
787247
713292
898106
495752
371577
866066
787848
987392
930599
232367
184872
978283
661769
919546
497398
612057
294878
963592
780942
823905
269698
572004
392700
280875
187361
863714
402667
895233
950937
433749
946944
767041
173561
550247
911670
267557
386901
320532
325236
867800
204767
696507
778809
781955
643747
514267
221639
524765
868784
822649
887793
330347
312223
135107
461687
441186
131092
128276
298214
515028
183470
796973
210868
472863
713454
945394
533251
168894
607327
382744
455982
144364
670724
703865
247662
898047
137442
289080
938259
341210
643580
231302
642452
778682
907610
362445
458443
841493
514185
111017
644663
138863
218464
408782
550882
884139
326287
945704
356063
700636
576769
232201
337560
182904
301232
655391
721841
110870
128518
442258
947435
686628
373807
625126
976432
800733
415316
907291
124124
870049
411071
578052
396466
450458
613024
946453
946525
138817
181392
681199
448098
931618
307193
156748
155886
863050
886219
340813
444401
865806
337811
605519
526766
762926
266084
524465
168989
509699
104484
958687
362208
317038
560631
363168
768587
289262
695973
378276
436876
635566
974540
913032
883474
747740
172129
384813
441344
157208
888468
745047
297696
405100
779025
339121
872781
205530
578296
624047
858519
628978
587642
480467
613897
589531
517892
881199
434891
893211
329807
812845
617987
594624
777848
868662
471656
678338
381539
499344
700408
684119
607644
628017
625539
286915
900555
680009
945149
434691
851612
895601
711676
179290
507767
569682
445485
636900
539615
861530
806620
634942
392861
426462
630389
850093
456189
654177
698573
658073
530200
846211
694028
151281
728391
460593
663189
252874
475054
374130
776494
344164
512420
254156
647856
210633
320624
155351
180921
467967
867978
954974
502498
871305
831380
267125
804255
607760
938962
447209
828727
463087
432744
797807
374647
429669
587086
260552
748381
144707
927330
180548
939978
990935
186407
790283
871639
760537
142731
581040
600965
231751
981628
302156
748312
674006
829016
193914
509706
150575
315000
401536
830911
268318
688286
170314
421480
785200
240258
159984
362584
956262
444972
199372
888543
955090
679200
936565
986585
168104
150673
949166
193663
837419
465941
732573
613233
690123
894786
552700
203185
930449
784919
447754
822153
766260
324627
377957
867654
227683
111363
220492
766224
700745
767066
827078
157519
942230
314764
858174
277946
685809
123257
112280
694442
346388
673114
130517
773801
777712
194427
222480
156974
594491
715721
468734
273996
339758
495041
679404
645799
806500
330397
649594
603458
110688
509258
591129
694815
558357
456267
332728
503154
115947
313819
626671
896283
945154
243780
315009
783980
870935
333801
581300
240872
836579
254455
626901
339284
268693
299560
755436
555038
687586
909177
736334
128371
648109
460342
502592
535051
302925
655071
930055
661160
985684
394520
332437
415575
173828
266400
590770
553531
677823
175209
230919
884713
183620
483862
145223
614224
233569
740462
142284
157487
792894
790348
332392
552465
271834
256474
786877
604031
679630
375265
302070
827805
549864
707598
627896
997378
430876
767462
836920
741957
529515
166393
325384
401885
159699
142269
464954
511769
909113
430666
880000
740549
690133
288705
692214
435105
703331
360691
430343
566716
680212
820094
251961
314903
606100
979811
948173
548525
989447
371645
392483
439856
120659
400907
620204
408021
882036
328132
159998
559245
527923
436965
707809
809526
285929
431402
931662
601054
253736
326675
641081
506874
811685
651435
597309
288708
944966
573218
240136
209297
634426
704449
591634
755690
203716
162219
688324
928118
445283
559395
895903
946628
200898
512527
619228
388675
512769
997944
660968
203055
743235
747264
465232
346571
502444
321682
109320
601538
757481
926717
908642
932885
352227
495295
620191
999128
941017
624445
755208
139684
648855
632423
118631
574491
748434
527597
986918
143892
923029
536814
595856
763076
723143
126199
351816
234788
659656
293047
870172
481012
526666
921772
927515
343764
654259
263083
882653
361989
670031
783355
829360
875607
199334
208793
273528
233859
597474
284372
818902
493463
889519
694836
405061
780317
491686
854545
720039
435900
209500
595196
803202
150979
643833
768661
837695
597905
441020
930008
784012
350699
840943
883495
420617
111682
306068
338774
180549
473166
258380
834312
390129
200834
820538
492191
187589
877229
573814
524837
139172
292876
500341
897760
814148
146167
207784
584791
178817
298684
770296
944588
808248
866281
696065
124138
863276
832695
769492
214316
441299
767489
970124
982003
843575
709087
490631
166302
966810
678105
371032
368013
158631
405529
493762
131135
883178
195017
456664
807957
566984
184932
803099
661273
134941
953610
799036
979102
864804
539565
678367
418002
618346
489930
848128
137399
536338
828669
863356
525305
411066
148325
455869
765410
405481
170618
738531
738623
912360
377339
982292
537277
763367
217251
225952
330500
868090
458548
445966
803769
632644
652788
162476
121807
605832
821025
405346
975923
506945
417879
817532
878285
583774
127696
556115
855014
141321
443873
694208
591474
560123
330715
573648
685713
163260
142902
188567
612029
153476
637818
774044
103141
116319
830102
964088
406163
949360
988345
568156
660413
568595
614459
937604
737368
336959
929883
517852
996730
306359
543752
631719
880294
558183
521443
446148
331179
605739
340785
571053
157095
483415
895280
803025
160021
729020
925021
242415
552269
227084
905772
637117
656705
374522
500505
658371
600949
899756
998311
973853
748021
429780
727987
377182
483377
413183
784953
322336
431828
398308
596157
265175
589530
280057
398290
245884
367970
140696
441260
853715
633265
774604
411193
263572
145936
223397
606086
607673
471409
557336
319386
881095
909182
546053
850842
599349
229548
935928
165183
278350
791450
961104
435769
813654
286347
266253
874683
194301
126918
416202
279667
279996
640633
549723
218966
751476
270886
807668
380579
114773
737259
116776
912493
589386
676720
318725
702630
788863
298138
569843
956143
140089
587983
527964
994526
608162
493599
653372
913923
710990
648443
669104
848138
244733
425083
511957
422805
338463
666452
274043
180678
730754
129030
541003
709314
664366
791101
739598
248992
979560
169686
932598
290087
546027
252926
679336
523903
864204
899087
480104
589897
492253
684855
147829
157728
576559
326558
482154
939049
801472
599528
810141
105922
107616
589717
243217
469664
285073
786792
340730
109058
534598
911970
697516
951331
515854
453823
457776
306654
970111
420613
362524
423736
422378
662703
199913
308379
744948
234697
995779
386773
451861
860457
913471
587816
622530
585260
281406
257230
886496
870800
946544
253216
376225
714854
866007
658717
509779
907680
190034
226851
802718
802052
944577
986552
227575
816388
156378
993319
153643
935192
321828
893618
510591
750668
702572
667952
322165
743405
950565
429823
559119
377937
860193
690035
334257
848054
907046
752663
969023
848673
167565
490403
471405
311993
256552
565071
526938
119123
875155
627284
157570
894795
386409
726849
968206
422556
603675
510286
583695
149240
576845
633295
627908
567185
617032
175000
388660
347064
687856
982058
503663
381160
354706
818794
804330
496982
473940
645555
193409
713734
177092
875635
235425
846393
658924
265610
630768
840533
682964
227612
825556
312999
760316
539136
441310
442462
243621
975256
954672
573556
314945
445085
441555
122135
293160
130870
457513
159558
743587
293626
103704
474792
980438
823015
519319
373329
244487
353519
442574
376244
253293
955171
705184
386695
568473
925738
623807
875163
113289
216878
995219
778674
414143
623488
865839
849695
994251
301818
493484
937317
595622
247086
462187
997596
305459
549161
332771
959406
236155
333447
420820
650624
130162
564097
483062
541048
505968
512179
255207
746360
803175
589057
903811
680281
873453
613308
386746
233396
223694
295423
553892
586343
890580
152061
616925
936827
441182
426965
456340
678086
525646
314325
828101
860313
818300
296830
968422
854224
549966
964990
868068
999857
699952
514190
970161
862599
840129
284675
150322
216356
607241
658560
608789
498148
239657
175676
346401
283216
435281
999087
848586
386228
968088
429548
774612
508234
231868
118649
848293
675518
285564
201706
375732
236481
524335
375037
764411
186551
650943
769115
883753
545887
303349
221811
291566
259366
239606
240092
323593
887530
769068
429866
445751
270576
405480
669003
785749
943710
127959
840934
850038
770480
318170
116112
111568
893990
766573
866744
397289
114850
619401
523245
701935
170157
845926
798411
590752
292439
730135
566689
525538
489336
990269
509733
938403
527795
977191
461301
736165
108918
112323
644677
436571
511772
130931
733936
303405
334278
981914
972118
197728
519139
304471
488503
639364
171174
210065
189878
476066
594930
410993
565869
919820
442456
736743
929326
833670
414879
475749
888470
389498
877379
398406
921189
274521
467155
369683
875545
541593
542726
267185
252312
132688
997563
390691
726396
607150
915058
482439
135685
642507
300343
102392
518819
795636
425931
415149
461518
871352
239963
905648
998617
385415
694467
727525
784413
892423
402611
227207
713642
329525
505037
780974
606187
808147
468451
893134
861933
226078
317180
658852
227537
319661
492525
758302
974066
605942
603706
797962
828041
692017
794781
240880
448931
508097
379554
274031
606535
506620
579092
665590
120317
491687
656491
992050
134977
990035
126940
604036
881556
360231
522940
155356
245129
157175
393389
302084
136093
231732
236781
624529
597927
718138
359560
372460
454146
469037
535814
762894
397219
917052
530823
886617
607687
475845
604471
934066
146909
794007
368171
272210
257360
254233
866764
743092
949688
164067
380265
475582
831896
138635
766108
264971
568135
185228
305050
847505
741873
148186
479480
498342
477021
907669
484331
201516
378163
954023
410595
191044
103749
917473
911315
149579
699304
873208
817108
660349
128044
405331
331883
423052
596772
329176
462348
918621
748427
861567
225471
239020
829388
836984
692627
335233
235954
118292
596567
619197
843831
865887
441518
748994
741258
844412
647602
614023
917797
532859
635662
873719
543795
105286
519306
102790
659550
501203
924171
582150
689624
439839
239525
220858
183248
170974
712341
396180
748642
520989
212896
386920
930572
681787
713879
633781
748160
922693
430368
143762
958616
973480
882624
910880
835234
933644
329913
755493
338515
726912
398312
796499
541934
892721
314722
304078
976942
885687
869944
896417
433468
172513
350594
819889
686427
706455
420500
309598
889508
715525
282332
402155
194127
379695
159896
873683
578137
165630
517604
549463
394112
190180
525922
382008
146974
926326
963085
970961
895228
661344
899197
199303
642457
520851
664674
687555
924161
590727
754851
282533
217708
614178
930235
418446
597234
248810
651830
638890
830107
903590
862319
658494
808442
841536
917082
537128
388432
758153
895196
457132
131965
423278
131710
217155
100668
747243
254883
567130
587242
983248
792080
585709
578227
166133
993262
733224
837998
713761
604712
480571
116358
904480
585355
780629
268928
734990
443989
491942
380455
210472
547370
106820
579117
677691
564739
573414
264540
931507
395408
649486
772250
363941
349160
874547
474556
310208
756027
627382
859635
525411
930735
816641
569878
223796
435454
838572
854463
330091
999588
128463
768226
838299
734228
849609
381676
558246
419402
205193
747236
866096
166671
613867
869242
240900
969800
150264
102082
551901
963079
242995
412614
320762
768182
956374
591926
805126
762198
756565
405146
773993
144978
100361
532910
332061
220974
345187
532514
973542
160161
642473
524311
571796
911440
273742
954703
872776
727766
563023
187609
608766
894380
775408
431510
381875
629614
985977
223561
123806
628500
247094
594981
742608
167589
243831
627101
789696
945996
454648
271282
125139
535531
538772
286819
305444
390684
909156
771656
182438
822825
150382
751050
493836
155616
101709
111714
176091
343357
146477
820172
696621
201163
180166
286067
382569
575115
846577
832105
458670
315476
105752
232304
798108
405572
902763
251730
590331
893897
274882
939682
693929
938705
754116
458073
301956
141480
406822
721871
415706
958818
520144
923260
461240
273361
284111
646666
759393
441776
961102
812069
794533
687124
102319
837502
631029
953360
325615
887126
704461
974358
421382
903738
166125
831394
781643
563699
705672
499099
626620
545441
574980
621207
987582
158305
907409
898048
923569
322600
309174
333316
910615
276173
706124
447800
643806
659960
813162
173247
730474
638822
987613
579377
504314
180770
502380
536681
715460
977137
383503
364062
901699
151638
721337
955110
185181
500503
915902
521282
948373
654041
905153
563736
548673
751827
893258
441394
716555
244303
771707
555156
103577
993775
140824
173893
924198
136586
672415
741716
620650
833859
248861
968248
798810
172710
918578
538633
581856
427119
191872
959847
839686
363874
384217
906159
326427
759264
291230
149929
804659
343438
154073
861436
710079
260473
765915
889982
229970
849082
656844
120289
885477
825165
320336
710467
659188
414374
860482
601100
391616
231920
868045
925996
591616
123670
540411
765795
507920
669684
888148
883207
333114
390458
109801
107964
572331
132286
134255
558508
595952
790281
295990
530818
613479
465949
297500
462258
632021
126653
142851
291330
983434
439864
962547
188598
703431
378880
915669
330512
496210
533987
717952
693420
717464
498727
118007
344051
260989
102931
403553
953530
366821
881591
152677
315260
823564
312001
788201
938308
263222
182975
498327
988710
414043
124990
810582
640844
652685
586653
532389
806192
675018
446055
440335
857280
732466
273894
892964
751584
768102
567491
767304
376184
115231
219658
591574
446674
544341
903738
650066
926867
544652
324038
895417
161576
272627
628381
221371
138307
692323
502919
488491
911406
619900
803352
791736
839042
557203
324215
123762
937188
273796
591046
573637
102074
689459
373980
254778
540641
574872
111919
720560
593973
579459
615170
583873
467565
189796
712416
617963
498462
635718
470231
806152
430037
651066
443831
647888
846602
497531
105709
776573
126697
230788
791933
799159
524860
677140
709455
489482
130684
550723
173901
935397
318201
185787
769273
648768
224009
380649
916241
605962
510413
548330
973419
790131
473971
870878
223741
547156
389571
298224
568498
159150
900291
387546
596212
137605
913829
900587
359518
268542
362098
419248
429160
498524
262075
412999
289747
428917
410658
103167
889510
681559
236884
322819
201071
939631
462138
538271
520421
439190
344019
304395
576630
495380
621939
834373
516184
244512
975459
726546
293409
958242
155397
289595
410895
695394
621527
940656
973762
416346
312202
369938
288891
838119
343473
262582
578306
653415
969260
213441
995816
660647
476733
115374
167787
464838
310106
267316
404775
249665
441093
581309
690009
637374
407737
866265
444186
745159
271051
321562
386467
139428
606773
419012
559244
332820
403157
460732
412746
836799
739453
542586
154383
577656
818711
849642
712158
187067
863055
690260
230716
997653
208202
639269
416230
118354
619565
360643
293827
620999
431729
432170
168482
379322
105245
150033
374678
972441
233649
437964
232256
998492
419057
766806
825019
285628
819309
717329
486087
476393
177110
992544
863424
182463
314816
187890
797941
614280
856907
843929
249777
488830
618408
383567
877525
339117
261950
340892
436759
657018
343232
395796
978334
887937
851077
733020
331869
413053
328836
178326
367958
204268
982407
743879
774454
777678
865892
223066
491058
255505
674386
255026
161506
475513
183509
245747
987618
471194
351985
508759
586269
656136
365875
140112
579000
239520
998702
681785
114848
157050
215870
983162
834971
842244
894808
614132
843597
952733
178007
557675
857337
261198
479190
653826
364563
647990
869793
786402
404612
747911
661990
588674
791020
860389
196742
743759
711634
823007
823953
701230
580122
897001
464370
870737
960386
806631
620716
233376
680135
908741
821222
247016
508896
879140
256077
151942
864640
221088
157905
854906
822576
827197
686140
241067
599879
577290
247459
233269
781278
113080
982617
907352
743948
772788
469565
198672
373419
832538
851687
973016
213549
380798
254431
220315
165833
757527
277317
383508
564959
186347
461580
939979
279642
324436
430755
863020
916581
141927
272162
414253
569821
917528
334167
476225
581419
482462
862599
645326
338192
568259
533263
652316
476625
764129
969485
402915
834800
877919
701962
315591
137536
975612
800424
263562
987870
358029
528526
359897
154851
290264
994073
179451
397882
158332
955397
911163
844463
495807
328130
368116
105051
100578
556417
525362
159710
179246
550565
236635
591862
437719
805668
700789
185012
151006
782884
178375
458936
383903
791173
306693
466169
500803
610296
303325
209810
697259
749850
321489
791714
322017
704109
947482
786305
960289
158669
575753
682622
551695
190992
964095
443187
934600
163384
254474
537813
248509
354526
681514
823923
188119
789673
792299
140261
384290
576298
254243
543609
960153
406575
851098
541996
312474
567268
829545
249578
998769
660927
517580
125821
887560
656564
528686
452316
922227
528073
997117
860930
968412
146211
725067
335733
512275
535124
937765
366340
549832
297513
710660
201162
617279
405405
647337
100065
428040
640664
729196
799613
948453
860507
417551
564954
721352
921747
706516
294926
110559
801096
547011
965151
625964
846645
705464
160920
410315
533806
661461
439759
121217
846141
516160
413220
916761
182650
655122
471551
397603
240490
707067
436016
334466
800147
260039
687159
630432
842524
131501
436306
727041
618571
692207
860859
299168
289987
602095
617967
777766
242946
457344
258753
463994
434121
137279
278958
798797
377770
318248
184231
631642
255365
334655
524395
638569
603080
351558
431223
397216
385385
860368
670930
263981
405081
365867
720058
440936
843983
843711
504049
284522
637024
687269
417722
958770
706192
992082
163417
645373
557376
272864
663189
249302
937397
855864
792511
387818
883632
880373
327003
384626
849251
893141
904301
357811
411812
235628
782563
450011
610753
680712
503097
749716
667587
727044
278428
443930
174453
839875
878109
580676
339641
940331
777509
577226
935454
280175
740183
153449
166563
837206
915789
492697
956522
123782
379733
991379
824243
441181
211203
917171
647642
599527
869362
954781
369568
688333
125615
248072
732892
602145
470966
951494
451572
586893
427692
232586
948627
520832
711603
313529
441789
975857
989950
316289
502639
255112
162477
190173
334265
295731
814661
980542
333087
128770
941732
558485
683282
523306
881725
753092
763655
417128
199651
300363
706699
719295
858339
342662
528109
754413
890134
658046
542019
129237
880851
810680
187504
310439
480033
189808
704950
195727
396892
728966
166421
731536
910901
400070
461221
364488
848730
580802
243389
626659
380387
221512
971033
912965
821215
762472
952846
218116
954838
242411
869805
939746
492084
225976
824208
750718
204230
597979
494440
281985
537943
888702
363764
862937
785691
751161
468525
100243
775105
619574
651844
780188
507444
456254
664421
703138
542044
280280
972515
804772
814867
503506
888491
402684
157567
566569
906864
746867
480863
972942
619648
359566
149475
445142
964704
203436
636205
575712
935499
429887
441571
575406
601417
264026
397338
842406
528128
679460
415042
488013
285468
444118
949072
763543
820421
286518
307269
476675
858824
605469
643949
227625
613682
782270
747844
771440
288642
441199
378608
843441
440553
286097
461111
597229
453715
621628
165058
697739
663380
109356
407034
147729
293420
991132
761634
246661
694496
740473
846917
532135
794027
378876
885711
615198
374057
273001
934268
594513
273679
291946
864490
592025
267581
904507
930105
989311
999299
531475
767291
577827
160911
793808
346714
469443
873745
549875
333821
363923
284381
149336
624194
306676
628952
416555
894925
802439
364150
586758
616129
231297
610097
886009
425077
705968
546659
834596
312066
102655
526520
147505
256762
931971
428043
581347
180437
539718
100703
530106
542779
772100
676142
742852
109544
133660
937917
375007
303745
646390
152877
113334
530710
425052
787951
956208
808506
802254
955766
655031
992891
359995
883785
924141
992833
993376
283668
858671
201161
862019
804231
236587
768373
854425
350621
608765
571938
919275
505094
803952
301703
844289
242004
542550
285487
156422
753699
475354
461719
610953
380459
249280
775566
886763
293251
482996
629207
550682
771199
922745
755496
426512
530255
685450
677304
513986
327604
563767
404857
112784
134000
295094
838240
629064
292214
264221
468941
456573
468374
910389
739799
311062
700975
923265
796292
421447
628539
580811
915256
833456
446239
612868
166866
551215
849659
262174
164181
310982
886894
388471
526867
164673
113188
306743
100693
704264
999190
568168
534285
975627
579713
689862
729338
985461
867929
476117
854546
316048
694887
662600
925219
680600
601973
821262
443440
256526
592087
655498
828102
880322
357343
286360
527302
639788
244989
586563
177549
805850
319431
181476
477135
731377
156113
584544
269952
661837
444399
390952
594957
738608
657549
211670
586006
403661
120278
504823
987680
315742
782948
695863
153727
272517
961071
401496
187365
711935
985594
705925
257855
827735
230243
939971
223325
307189
547283
104517
879158
247939
158466
934310
678335
542238
486433
187501
958404
668679
547705
150436
587598
726481
667080
583283
922242
929454
474460
867029
904854
399764
524953
824025
636592
491200
138449
237954
327617
199196
676134
651414
558729
138822
298320
870375
867977
578652
443570
478289
315021
132123
960655
525276
786120
359165
494317
725219
756127
926573
650790
895318
803840
338982
283260
352071
532195
587035
403826
945195
332089
341569
913798
416305
407503
796101
683856
143746
321454
766265
793970
283028
546171
796583
966027
125407
428280
440892
271496
497757
367755
874589
787960
314061
970945
303872
514661
778162
336706
589644
600820
494461
757522
188861
916947
854339
758853
905894
763636
948965
688991
309078
754364
861590
552309
427442
672326
777560
555759
266250
556210
996579
705802
308959
331778
677024
140470
108084
681941
452531
194910
970955
586922
481712
312213
598576
693815
820676
991816
412536
343763
314547
993527
520559
830809
506387
347768
957129
773433
155535
484491
782338
598398
867544
967130
449441
693843
790186
368628
675863
422101
366185
839038
726887
302848
921134
706586
556193
453518
642172
198363
825039
315267
493391
811545
931892
854622
465846
382848
761118
262579
199895
585845
846447
434373
125807
843179
533482
922100
380732
902228
990222
213685
151780
766763
324185
927054
203392
637101
513566
436297
643288
584132
546068
161718
237512
138860
728519
856113
711209
959395
310889
235147
590542
582036
962770
418807
896153
581971
883146
823274
573402
448211
807120
172428
548178
905882
323170
248474
428414
468558
844705
401685
471066
202351
678123
673103
685276
891095
552201
731033
556032
229309
918603
984398
905852
612621
549471
502621
860386
569016
638415
182795
233735
599713
516529
794618
574972
234924
176559
765506
512055
766010
352372
532189
419121
259698
451728
683409
791096
743886
995918
598843
378607
282729
741409
458524
528286
716920
466231
904738
924173
636594
491081
989418
299737
782497
659999
923979
650592
506440
738383
375486
459047
583342
852336
133004
273354
746357
849944
509779
215599
892521
394848
157594
852221
827773
811100
194240
277458
935978
523711
385745
931758
170678
896960
154378
405022
901906
451251
325192
428256
622666
591251
226522
118686
563517
501467
721750
910583
702998
996801
307527
456652
614469
857930
485186
509919
769565
128321
991362
471887
961130
548725
249551
777791
737969
358460
394530
162881
508636
511106
917143
527773
160740
282559
702575
335626
604943
341744
664485
215077
864583
189706
235427
794024
823390
165775
191940
698779
790751
217072
628165
540576
277706
202383
723348
272923
867375
753903
670617
366301
379192
902220
339086
237651
740218
363225
125034
120316
120674
154800
383148
435276
635819
482138
473564
239990
880361
243126
112846
367154
834502
121123
532822
217267
649585
790954
420738
429719
177042
846010
329014
898481
978493
973532
830169
181722
473371
189331
835649
614624
985123
943364
224001
137161
461791
934424
488025
683382
318142
634178
308668
411312
816479
729632
539852
827247
353963
359622
937505
399184
255489
186783
516398
571238
267666
500982
520754
996920
967946
671418
496383
351622
825875
708750
815653
693946
742593
171813
919054
930390
149355
198004
418719
719940
328528
106147
392711
554137
988364
752439
647262
670755
862063
362861
944113
875724
382410
178962
252100
948055
485004
502228
383027
234378
727346
851557
171242
125606
863932
909160
456609
538853
134298
610270
654593
950990
278960
582771
322235
320972
301212
263096
747309
780701
205600
689010
265040
689484
901398
670142
808647
100112
655874
380730
631895
754447
437692
771276
127174
508808
581095
103874
669858
294854
114654
578337
496933
149741
540268
866556
683955
258229
373497
409240
374946
134192
125346
336461
315530
561274
661474
408594
915509
411036
824008
905422
932505
334962
759216
313401
142416
243666
896842
970033
731710
671571
143342
774723
368552
872433
288101
119364
437165
688578
653110
784675
233365
765170
687482
670215
708013
588129
849289
609492
499377
391243
762158
940543
289598
334611
201218
906801
941432
776151
613753
815053
369191
594758
906854
199711
395336
362590
109250
577498
962485
408419
242488
191041
491411
406812
904465
860950
333262
653519
604608
661975
411168
881674
748036
403091
766956
189898
555198
195296
142527
142303
343527
485874
582946
664490
336794
512499
370178
110556
593180
865839
675638
219084
324248
124271
862311
301302
957978
989024
637730
989487
802794
523144
742959
484901
447829
316466
819282
770025
494624
785944
824641
731964
637975
666284
777240
101226
793235
429806
105491
713825
192965
863396
273635
181059
559713
780894
874204
664626
148193
411334
434750
807824
366500
604000
492699
932334
653842
330852
510589
865350
266496
438035
326288
743975
926919
947479
963837
806477
936059
152050
402397
903740
933972
736809
206740
249832
690211
704583
666602
894522
944281
336553
416095
369188
329075
761105
564257
700047
506395
297786
835378
693368
605727
238404
979677
468220
516060
905367
277310
652338
547107
905040
421345
605195
228499
210776
992986
816679
147789
996597
805980
369821
794220
650760
494602
594823
443732
851791
442994
991596
558135
333523
471127
134113
572239
628464
268719
529262
887653
318846
429239
525605
190323
843439
698358
306730
189964
248295
621499
713066
346433
448763
831485
989818
712041
531284
179867
465845
851429
146047
723886
959619
273954
422140
469096
731574
583947
145751
396847
469500
222182
468069
752223
910139
713241
673365
765907
941504
816581
509939
992589
912658
340847
224185
629056
114944
414810
304206
848887
240961
135509
581953
226222
135371
129781
773622
491174
247601
357387
376718
693637
691940
442776
438273
319868
644228
116389
538563
204225
908542
937242
241217
920172
489277
951968
920436
103773
658988
204459
857137
230537
941061
490880
726619
178142
595465
519207
386493
488501
496765
976800
763745
692573
117248
664402
743594
201696
466429
742505
279094
538178
395677
500638
189347
372362
957326
281421
966599
973015
476979
119147
828810
363115
719873
686134
314732
247667
235700
216869
389366
420945
585040
546788
808418
518700
306081
102219
232421
874621
572410
882132
173913
199292
879196
572097
385200
215282
703477
913946
814572
993306
981505
285876
602374
503573
288546
866969
165978
678750
551304
383626
258347
613304
736676
259882
519222
587501
288961
339642
604986
675939
689161
139606
448471
392119
839204
345801
480734
662157
573355
287923
162441
232653
389324
418259
878904
200484
993740
474323
559936
934549
247417
139165
224929
182706
428849
921354
895317
383569
412178
404152
164328
634705
717922
508388
208038
911134
504333
119947
524203
932411
670288
220681
733471
833324
848768
651867
425210
792493
751807
420336
790603
908797
114597
151797
365315
367983
206365
135551
231473
193513
272239
260322
360042
676653
754116
703564
222686
925453
209046
667266
451963
122013
758626
628435
840763
667296
714756
308774
674653
736543
785005
425700
251221
903117
396560
158795
342804
795128
973948
867627
883576
624886
870621
584551
563763
720644
114434
281371
784241
679008
804458
881135
366134
162007
462808
209406
398170
104473
370879
198199
508355
836000
603913
585736
256115
127284
939004
955207
533164
374261
535041
342261
205916
664460
659507
197871
346047
581785
781512
210707
674437
799011
370793
815194
858650
991673
569408
262370
873624
188043
394865
295346
136109
847370
696556
727202
210291
976902
607408
714734
577090
777213
546585
649713
366378
506884
102985
604423
628532
820389
942995
248652
957174
970240
458770
290430
729066
432350
362909
374961
743252
545231
901398
387629
726269
440196
604948
719675
693485
218169
618061
958812
312539
825473
816525
422604
363744
631964
632462
360945
827562
812436
297109
592590
865839
859161
896628
574888
302846
446512
998163
331777
730793
404574
213555
294450
852241
750191
900853
808428
474188
517829
709588
423944
990039
443449
358151
297593
207020
669629
799176
822749
881400
912864
568906
149213
167647
997202
701926
762418
746932
693653
438976
655925
956056
416951
969010
379321
489102
244486
738638
645953
232481
651787
323534
780621
469098
110203
402611
734539
308901
591525
264933
666792
323537
992506
327746
812537
546124
567344
722440
112386
244713
732313
640765
972969
936095
635526
954621
694296
621064
537628
933372
120525
709442
662348
222865
234575
828692
801619
168958
888077
886353
492361
413908
375932
425588
660335
781680
981892
879256
538360
192625
763672
358554
722178
837912
600649
208334
677427
236614
406929
481353
380884
504444
468337
276402
224385
283292
228230
488533
772873
337703
180883
399279
202757
593209
224471
744469
649959
557897
501426
278120
559985
597739
242058
771219
860166
807575
887619
835908
629144
376307
817107
184507
794465
368375
481831
583017
641474
423293
397352
734752
103904
550004
280121
494405
839980
274005
311209
210984
962743
344104
351801
687109
489207
295050
911198
761138
662191
487662
555440
196830
204478
215734
138521
223490
937276
532658
322195
720796
176727
636736
875679
379383
182002
916641
977337
804200
606185
171567
585825
172487
628061
627097
849337
872064
375093
587111
948821
266006
985301
976388
114115
703002
271632
537355
483448
326184
915876
528024
275225
457386
305248
668727
793475
842390
847198
875173
532827
388655
350227
904198
217324
973943
821467
859842
718177
338196
402847
960599
918465
313967
575852
700309
132178
381969
782970
721461
561387
666251
820657
299028
572047
119896
614458
566059
227506
927178
858258
180377
510321
263559
935192
165990
412507
666346
664413
431549
236633
536664
916791
203172
775357
768542
816788
201515
744058
331607
849516
245692
726639
969642
307715
945753
652799
681875
631280
751792
859702
755845
412779
432142
791079
419127
406938
831574
858010
669319
550675
290037
677079
160266
406246
226592
879189
178928
971971
629406
340005
281452
524631
308433
585520
143138
654597
863224
290011
201268
737591
620505
850169
683722
627120
751784
629154
788008
785058
646900
923170
202701
417060
139873
216888
627537
531289
598361
213758
306818
747139
248786
399994
164827
703887
504475
178653
516625
432627
521797
713502
745563
109680
797498
562093
856607
932244
526697
380091
763046
962266
218370
835542
946124
768622
745398
924826
722432
627280
477274
273897
263794
236496
105427
827783
398839
639243
951263
436774
908552
588508
595367
871727
118055
934824
504174
885415
732834
140263
278744
515430
384576
951924
235623
966915
828209
246160
368582
741988
781007
917183
413896
688672
432825
319426
846865
149767
250174
984350
636003
361344
384584
933074
223175
448564
823224
316225
208403
989391
742210
247812
310151
457930
785740
691453
390664
435256
822589
265040
590432
860738
101751
661916
831909
958076
164015
784910
693868
765105
822202
324887
802475
952902
630593
913468
681140
309777
785194
360114
953381
546955
811312
873454
823149
840648
436260
459324
606113
616403
836105
361349
180496
416035
981892
343749
169766
338816
588749
612392
858994
155088
218898
400246
462483
240252
197385
945207
261926
916285
692754
987938
585917
248235
278026
466138
105647
170554
889290
236315
389811
547485
255421
995215
645820
336622
220892
486450
295631
755755
137782
807634
605109
248904
447210
700298
933919
209600
713308
174923
643778
246727
805795
496478
112528
563092
641992
955445
152828
377550
769419
276548
940894
321056
219526
659301
341643
447290
402558
662137
925712
502551
879059
554133
420092
184373
355252
559589
163046
541053
833716
332398
751763
633904
254434
151872
732640
272992
248222
761642
418077
163669
188358
429494
318732
681779
993466
372210
717445
414274
304083
991030
450822
351555
546569
264092
460517
768338
911809
322109
388931
503404
477764
495639
805678
544962
936870
762042
544250
562678
738051
617967
546609
293877
616373
113710
596379
905237
389671
469100
507712
278769
303566
847891
368362
735554
283599
979551
550522
528594
595549
393419
410971
340039
243559
220506
180510
807722
236541
825010
445089
474864
673232
554103
974496
304952
147310
898210
193059
683217
650032
673463
111428
420815
777935
781088
912618
343154
413741
472495
249160
932969
747000
887457
983322
301651
608108
859819
315569
891650
694321
478260
876312
454306
823603
479103
897518
389895
767310
558016
479269
716996
703322
256642
304435
352183
137297
941295
542368
925734
486756
629618
572182
644562
700607
600338
559384
517222
593486
121263
183705
358768
273574
124992
812066
446810
204059
416163
886882
779004
842966
519562
359635
313132
981631
976556
996617
159659
710323
716328
412696
260316
983505
385657
205559
722886
295332
120487
229833
317002
739347
293117
265779
827128
132573
179988
241560
392367
842081
694234
277466
652781
127329
275281
323685
890407
476077
241637
177197
418518
673478
772530
717185
764467
887503
280054
653389
242705
974431
684013
662264
947491
141888
822981
548185
162314
802738
985965
783753
614694
732596
566614
334851
209188
118920
560208
986821
688261
269690
914420
747217
439040
174126
246649
403473
135408
653437
477150
539292
433990
186708
237595
150046
957411
606789
629574
462729
300055
585470
364803
454972
384174
949112
577533
878357
516528
161987
650467
278580
849956
805696
417279
933466
947627
612259
300867
931289
780096
100781
114065
494918
472858
889071
994465
537248
124309
579370
608297
165535
197235
211806
978957
765568
693083
519946
211330
985344
861114
436189
233264
