835033
343939
826019
682819
435679
256493
587621
940813
228601
490309
447079
734159
834497
837931
303907
612643
378793
880301
859003
696937
294991
118543
975599
322111
713903
947383
151057
934441
878551
549443
519083
679747
143573
317123
603047
643949
349981
964679
344681
723409
512429
898661
697453
827009
784867
674987
388391
606079
491041
232171
583841
771431
149399
124601
471209
553103
353317
501637
105251
817979
452227
671123
657809
765229
232079
241061
726811
877343
702269
485567
749899
278227
223019
178361
931691
512713
750353
211403
738923
833947
268819
470881
740473
823717
764003
289031
497537
345379
810659
661019
956941
170899
538511
596231
591161
192547
694069
666329
576469
924073
678299
564671
508931
719143
520567
777221
918779
826391
508451
614527
301901
252457
946661
453379
673643
571759
769247
513473
645703
175447
872923
210601
643781
949517
434683
125813
972313
540611
256189
835927
900929
208189
914359
402053
275323
583613
222553
796571
930101
990967
500317
432589
471259
503339
498301
872437
166967
244351
624709
276461
920219
285773
633487
698653
