532669
568669
233141
217981
626987
420317
158617
881449
311963
218627
249853
807901
312209
770587
746329
713927
601079
629653
297487
774733
560093
483211
157831
453799
834341
171401
192091
469657
301331
513173
159683
304813
934223
441121
725737
544277
256661
195089
716171
116341
471871
246131
989353
101119
880127
120103
517091
468389
681127
713309
498583
781661
652039
252463
368857
104801
104987
372173
263621
695927
431947
208721
659741
773831
995243
919019
617777
169859
233621
736889
631039
445453
340261
304459
253909
375223
262501
161009
161543
923551
173099
743137
769673
907211
505321
386363
674831
300761
787973
181211
352813
988951
144349
550267
576581
373007
530393
910121
703559
709507
138433
869381
113017
675553
660067
426389
778213
472067
448859
611027
751259
471719
788779
601127
168481
708899
910177
825277
856309
798451
550937
829733
722341
948517
929381
547577
796849
963691
502247
305917
954007
916109
369469
244547
588037
696491
993137
230189
497839
150131
874037
207643
570001
149381
135433
182929
971063
227231
253063
644507
350431
