294311
673921
422867
135449
289727
239053
477439
704839
829177
688403
122021
707293
469283
981887
353411
573451
269393
877817
376183
864959
779761
474143
911957
462653
423439
846871
280513
335641
169159
549019
263269
175939
789149
628799
252169
123113
599309
612169
337069
962783
139303
445447
289273
380117
645353
305971
725317
866311
554383
339557
238103
367357
607363
176747
583727
801989
796339
435401
435893
596803
115223
424091
923809
850943
717109
481939
890317
915251
706463
937481
752201
778873
536069
570131
743221
125509
274177
418007
239713
989173
695843
964823
452131
922079
909341
600947
507883
377197
371549
997813
431597
161641
175069
312029
279761
336029
126943
669527
566057
427579
405703
365137
923773
873293
735557
762917
836623
296237
876871
823481
735689
243703
250739
645727
789493
887377
719773
697759
469769
436061
455881
996049
602333
811199
889351
469069
464467
761809
200689
270791
477091
544699
770129
372367
793439
173923
547909
111373
282907
997343
525571
195089
191089
628811
150211
152939
451541
347587
978727
482759
991643
581909
847271
375097
