432869
719749
117499
354139
812731
634493
591053
568807
189767
931571
842477
983861
723799
655517
291437
841597
842407
668417
609163
447617
356621
362051
760519
624133
281807
201767
998689
849253
178447
753931
882593
160697
802189
467197
573977
151769
899531
241513
979519
872747
418921
267479
947603
549037
351469
735731
283979
607703
569423
108217
533149
838429
570013
440863
729023
303307
628217
390647
686801
812267
980579
227089
618971
783781
770233
257731
980803
168143
933329
479431
893999
465821
912413
214381
793853
697583
877739
765707
696937
858877
203953
218423
953831
391177
248257
761861
432073
457001
965857
146009
741137
130957
212981
826927
558091
192539
220141
956429
661987
625789
353737
897887
519083
389981
972079
163613
250837
922261
519889
221203
418181
396983
478481
613169
709663
315631
432539
502429
912979
570407
229309
578821
880687
320401
208667
985013
596669
141319
337069
189361
786271
427079
245719
603893
699947
218987
580837
162853
241363
469841
102871
929431
709607
902347
929629
990313
956281
717697
