100703
992891
768373
350621
301703
844289
380459
264221
739799
388471
100693
579713
592087
403661
939971
307189
247939
486433
138449
494317
756127
341569
407503
796583
125407
188861
452531
993527
449441
675863
422101
843179
766763
711209
310889
731033
229309
599713
741409
924173
491081
782497
659999
738383
459047
910583
128321
737969
162881
282559
215077
864583
698779
880361
121123
429719
898481
353963
815653
554137
654593
940543
815053
369191
653519
447829
824641
105491
148193
510589
564257
369821
594823
572239
346433
910139
765907
816581
509939
581953
247601
857137
726619
395677
189347
866969
418259
224929
524203
220681
908797
193513
251221
162007
104473
370879
603913
370793
545231
331777
149213
323537
888077
180883
202757
593209
376307
280121
962743
687109
985301
821467
402847
820657
290011
737591
747139
871727
140263
828209
781007
149767
822589
630593
606113
361349
585917
751763
546569
322109
388931
595549
932969
315569
204059
996617
710323
385657
205559
842081
887503
974431
947627
612259
931289
124309
608297
