258197
425653
538739
251437
780383
465469
998411
305023
705493
701783
888533
981811
705643
544021
842147
618173
681251
348769
717323
512581
574687
652279
715153
267259
694567
688543
139409
900551
353657
323381
867793
306253
521063
773867
208037
380231
215471
809801
822079
615773
511361
486223
143419
847729
295727
854957
248401
230597
113023
504661
692413
207563
875683
802331
689441
195511
920789
501701
106451
666857
416573
218849
302513
940019
423061
191461
816839
445097
295513
805187
901891
162709
744397
587987
658703
458593
375527
465797
333517
651043
427081
546461
288877
964339
193423
840571
913639
926879
178559
501827
245417
550861
432031
321007
781519
790871
657649
996403
136949
961619
987127
210401
664789
453161
288089
523261
804989
157837
326323
524593
175649
764051
967259
587459
526159
217849
391553
889699
612137
393331
748807
497551
694763
889877
635333
375799
163433
984241
218389
474857
825779
922931
693169
951193
347239
188359
381943
334021
619253
101107
639211
183119
531017
269389
785347
231943
531239
515041
969923
227371
814447
