148861
468719
505979
320083
386989
486139
760729
196459
979273
696263
607423
154067
409391
196387
918259
659423
398989
842089
941011
724007
715357
534511
362381
929861
695599
614167
247339
140363
257519
277993
756419
210071
301241
538777
252319
300331
132961
364471
754981
486971
864103
730553
551339
703631
304523
520699
821101
706841
147997
444517
298043
355783
775157
484703
432241
854629
709349
594829
306893
507371
618619
402751
264931
170197
385783
297659
461653
191773
105977
887059
773779
123379
802787
267521
307511
521981
417337
472253
993557
588347
421207
461521
810503
142433
744019
489733
118369
907321
765169
129959
242377
126047
752201
227993
891377
694633
839731
145603
320317
882517
379387
159739
981569
280549
784543
826867
862919
788419
100069
379103
740141
794191
946697
114407
321779
305351
320741
949423
135623
536749
634273
290317
835927
642149
110569
577147
703559
866161
909061
757039
300929
226903
389999
112213
198941
897067
457229
514649
329899
297779
900293
136541
661613
425903
497473
616717
646537
869059
615047
862259
