434249
593633
225619
918733
166541
618199
784327
114757
433703
270587
585577
113819
606607
467867
932681
734687
524701
761543
443431
214789
959363
511703
509053
831829
195077
616829
884831
579433
535237
142421
616459
861547
780809
933787
909791
457609
184487
400607
216649
880247
910709
321367
103919
620999
187171
955697
692239
250199
918587
728831
189473
332251
857663
366277
112331
839261
370213
604829
132953
123677
702587
709537
159287
588941
884417
800213
830233
341443
229373
798751
728659
405157
923453
252509
857341
273727
115589
589327
211949
899477
134417
107473
962671
951367
212161
981481
337741
290083
865661
981823
509797
409397
159361
878089
762049
813041
677147
477149
906011
477259
661769
592577
239843
516179
233969
673381
943801
284153
877469
499327
823177
993121
655273
698413
458569
234211
651943
265021
119881
182309
533909
631339
737999
859973
232711
394819
900863
553769
126151
580687
119057
209959
383069
943967
966557
544273
454777
346721
924403
712561
998743
276151
172357
343037
394829
994853
