600949
998311
973853
748021
483377
413183
411193
546053
435769
114773
788863
569843
956143
244733
425083
523903
492253
589717
951331
453823
970111
420613
993319
429823
503663
995219
549161
564097
936827
828101
608789
186551
397289
977191
436571
488503
877379
300343
239963
998617
227207
808147
468451
227537
692017
508097
245129
136093
469037
368171
378163
149579
660349
331883
501203
681787
633781
896417
970961
642457
862319
363941
874547
100361
627101
146477
201163
846577
893897
284111
704461
499099
276173
721337
244303
103577
248861
154073
126653
102931
403553
881591
926867
502919
573637
689459
111919
583873
617963
791933
769273
473971
900587
621527
187067
639269
293827
620999
431729
419057
413053
183509
245747
908741
241067
165833
564959
533263
359897
994073
844463
437719
700789
697259
575753
248509
789673
792299
125821
799613
860507
439759
131501
618571
289987
137279
184231
163417
450011
153449
688333
975857
310439
664421
429887
643949
246661
740473
846917
273001
267581
333821
616129
180437
