559523
774629
660719
989999
306563
145177
328051
856549
893407
465061
740237
608213
213023
268091
194167
847871
872089
708481
919223
632747
965927
456581
326083
266681
404387
378379
803273
950497
577627
628423
877939
221737
952247
125687
977803
370169
627617
929897
235013
578857
565973
645661
738319
239579
712843
671591
847051
709141
965711
598229
704141
695749
747407
875011
580213
415489
729719
989623
410231
388963
242173
975581
647531
874873
352739
826037
558533
826093
928883
320609
832763
104107
736381
830279
666637
913331
675593
248569
443899
214399
872411
431047
460181
473533
621679
105373
473987
580549
600407
884201
572941
517087
142567
942317
691589
864169
344873
818249
971753
884573
632839
711749
739153
177383
876823
946931
832361
324491
256393
567467
870907
897101
101977
218111
275591
176041
159469
463711
255383
645179
895159
107671
427417
957161
435641
633257
937891
887921
336761
849533
646981
859667
154643
394631
404497
357179
289273
180491
414629
976193
221953
452077
625103
893359
