502613
228983
702983
707467
803963
203183
582719
916217
828013
634573
677681
513173
964981
693079
293179
529973
311173
620731
304763
875837
221239
245563
378761
147391
212579
740717
221173
427039
443909
284689
479377
514523
364447
154723
984047
280837
894869
892091
361873
493733
166919
824947
352421
971371
859891
949939
219727
261977
662443
261721
709729
927187
229547
286543
845041
696433
615607
151247
727241
459013
609071
969671
288109
783193
974053
446261
208279
676763
557369
173671
378739
389839
917113
486671
992843
415231
138251
660791
462773
600071
848467
981451
478651
673193
943429
260807
312407
138959
383681
742801
912463
854171
823997
113143
997267
241313
645803
254987
383483
298937
614321
756331
359279
947741
526051
980549
446197
112559
547681
197521
313127
911893
413033
377537
484733
850181
683341
777817
860809
876287
232801
491773
201337
339121
750983
897101
878387
414611
312929
115153
706151
728873
746597
781003
418799
153949
673513
852613
362377
200483
799553
300221
258031
838171
986287
607921
585337
273271
408691
385607
276907
