510889
317453
473311
998423
301997
389297
757381
824413
591611
195479
111431
767167
126127
445883
763597
342899
801127
475691
758201
146539
841019
640579
328961
790817
490277
583169
890459
941153
848699
649123
277547
257857
442499
973069
259621
636653
578621
228131
467611
549259
120041
226697
162623
383549
619603
715859
612307
109097
211219
211291
989441
303029
294127
447011
425609
374041
395189
903311
419791
550241
239429
217333
934121
312971
944473
514643
475457
177131
518237
889769
911527
149441
302663
546893
572993
565589
641909
734473
232367
978283
661769
187361
173561
267557
330347
461687
138863
576769
870049
411071
946453
444401
509699
958687
339121
624047
589531
684119
850093
871639
760537
830911
193663
784919
157519
130517
495041
268693
604031
166393
909113
740549
703331
430343
314903
948173
704449
445283
895903
757481
923029
126199
263083
882653
670031
493463
889519
150979
350699
840943
500341
584791
178817
767489
490631
405529
678367
137399
738623
377339
443873
560123
103141
306359
