182341
487681
131941
847933
769673
288991
168677
649457
365759
535741
581353
410461
730021
167149
568831
533371
509417
458173
118691
568669
923471
248839
410807
873121
106877
181361
777383
451823
374461
360637
514079
174929
837817
892763
807197
903443
456061
161141
263489
183203
674501
925087
412487
330877
746503
774181
267049
271903
410899
313669
482017
573109
279211
676061
263489
294023
574711
390743
203311
277363
706733
613213
124493
572749
783647
728113
598463
702721
895691
405373
775963
804919
403969
909247
601607
229699
654191
367789
418069
926111
238207
275549
868741
142169
967627
980321
171131
307759
178349
852391
539101
133493
969593
614863
825389
169151
327499
880349
283607
164117
335323
170953
650327
662693
733949
661327
868613
229799
726431
648911
515917
695021
586349
471353
519227
194671
160481
400331
751739
177493
893591
963581
891439
532163
166643
879247
677857
367949
376807
943751
494023
670559
215693
230303
572461
610279
697351
995387
574489
514117
518429
149921
495017
449303
139627
495749
135859
242227
369917
150779
416257
408491
920999
283769
