116539
966893
184003
132523
483557
682819
781423
721319
259943
289063
525817
906473
296773
162623
559597
403553
117571
144719
962671
386777
999389
886271
301159
966439
834367
966913
380251
187339
327001
198851
179603
477511
534971
465383
580183
284527
713021
549641
911249
819523
183307
160709
238837
488627
384247
504121
502883
759523
423503
439463
688111
149627
489761
789977
235793
823483
597823
403301
545257
299261
972403
264353
769729
959719
522829
842987
178571
493193
575867
945907
630701
380557
809821
721199
878113
432389
722611
558913
675113
455291
375209
430499
618509
561551
216397
941309
717667
477439
438833
571657
506479
815333
969257
465887
393557
382519
188801
388901
589711
338857
694987
417007
320821
773681
744301
909691
477259
251611
774589
490661
772493
590537
866941
741941
589681
150107
183611
584663
109537
844771
578453
419483
935899
420671
164837
245521
869081
441127
482941
739579
688013
998651
887017
968291
193979
276499
383533
644513
542093
548417
222979
658507
953179
607471
546523
682471
200689
138571
680213
546893
934981
210391
592303
761681
693401
