356333
890551
556819
556999
929417
657653
855031
491137
608611
613597
433051
858631
526667
503551
104479
472817
466121
938359
606857
394673
151009
760607
242521
330509
465551
956477
596059
902449
524633
588631
324449
933781
173827
990799
688139
529973
676387
457139
901063
177539
848707
369137
413521
986429
867301
911291
131749
235513
251761
814067
403817
877111
400009
387371
391067
737683
616439
990529
629977
692689
754109
348779
105983
122363
422581
647341
342197
470077
262583
161263
581303
478823
517457
538921
144407
656291
476719
214733
968273
901169
209639
911227
811583
259801
542783
307267
937901
381239
240587
357551
601873
182893
881159
709151
561373
754181
229981
221509
735473
357073
962417
794509
349373
959737
105401
477013
798911
418331
429467
390433
839981
420857
696263
956953
650179
770111
593209
860939
546683
901207
924967
815693
784249
985631
465383
300977
295517
779351
133597
938827
316471
572497
316439
409609
628921
200023
272227
919313
610157
771809
521789
564989
463189
102931
